60 869 588
12 52 24
28 20 18
24 44 47
17 29 44
5 6 42
3 28 24
27 40 14
20 32 25
10 47 38
21 27 19
17 9 24
27 9 8
14 15 32
13 4 4
5 9 47
4 27 59
23 18 8
1 10 31
9 12 7
26 57 7
13 11 29
23 3 50
5 48 24
4 41 41
18 31 57
9 7 27
12 44 14
11 12 21
27 54 52
22 18 14
12 5 13
28 52 18
3 54 59
12 36 10
9 17 19
15 52 44
26 41 51
3 31 20
8 7 30
21 43 59
7 12 46
11 54 25
1 46 15
9 24 49
12 52 2
15 9 2
7 34 24
23 54 38
14 33 56
12 56 52
21 27 20
10 48 54
17 4 32
17 8 29
20 51 32
26 15 7
4 49 26
21 20 9
26 31 36
21 9 36