70 1286 795
26 45 14
27 39 30
30 69 52
18 24 5
1 39 15
32 1 12
3 57 45
5 42 13
24 14 12
23 44 35
20 31 44
18 66 9
17 44 32
30 50 21
25 69 54
5 6 16
32 5 42
3 30 49
24 38 10
13 4 32
35 55 60
2 30 8
10 42 13
23 18 47
35 19 38
33 37 26
10 54 65
21 9 60
7 29 30
30 33 19
30 8 8
9 18 16
23 37 9
8 26 26
24 18 67
19 42 34
4 62 48
29 58 43
20 52 39
11 6 64
7 45 64
8 64 29
2 61 39
25 69 51
12 64 22
31 35 34
15 8 33
22 64 28
1 25 53
27 28 54
19 36 44
25 64 39
7 3 48
12 14 41
17 3 20
8 41 55
29 64 56
12 7 1
17 34 20
27 70 25
35 64 69
19 44 31
18 65 57
11 7 66
18 48 21
13 25 4
16 22 5
35 50 42
1 22 56
26 57 17