80 1562 1114
27 57 36
9 46 62
16 25 18
28 39 66
7 32 29
10 61 67
1 46 76
40 39 69
37 54 26
16 1 71
23 12 55
27 11 62
21 74 52
27 5 18
24 70 61
6 5 53
20 21 77
6 79 34
29 56 20
37 23 37
35 60 40
12 78 15
25 25 62
20 48 33
4 55 59
38 47 45
37 31 68
22 54 38
8 33 8
28 16 51
11 19 63
38 5 66
20 1 8
35 57 43
9 71 55
26 24 36
5 23 25
14 72 27
23 36 47
28 69 38
16 57 42
24 13 34
4 56 64
3 62 24
22 15 69
17 22 54
5 63 54
3 22 78
31 30 61
23 11 76
39 65 8
40 49 43
30 2 72
39 29 41
23 43 28
1 47 15
4 31 47
20 75 73
31 18 43
3 10 14
25 24 35
40 21 61
35 52 33
27 62 34
24 64 34
1 68 25
27 64 24
17 41 36
1 1 60
6 26 30
27 25 38
1 4 22
20 43 47
10 7 4
17 70 36
35 48 4
27 30 10
16 76 12
14 62 16
14 37 27